iterate_times:5000
TP:102
FN:58
TN:704
FP:136
Accuracy:0.806   Recall:0.6375
Precision:0.428571   F1:0.512563
w0= -3733 -22497.5 7192.81 225.934 -12538.9 25246.2 -30812.8 4844.68 36846.1 -683.787 30615.5 -376.146 -575.748 10619.4 -4838.32 8200.1 -32375.2 6573 5472 -439.074 -3227.6 -23811 38232 -1901.05 8838.32 -7661.56 4288.64 -278.237 641.105 4359.5 -1946.61 -1378.58 -1487.88 1999.66 146.263 -36306.9 3446.8 -18444.1 183.205 -220.2 47452.3 -32726 2260.59 -3985.06 -16055 -611.285 32001.8 -30735.4 -3868.87 23650.9 5501 3419 -21871.1 -184 -970.2 -40011.3 57884 24942.5 29796.5 -6093.56 -5654.45 16889 5488 18814.7 35647.5 -34868.6 