TP:4156
FN:3233
TN:5107
FP:2864
Accuracy:0.60306   Recall:0.562458
Precision:0.592023   F1:0.576862
-0.0261093 -1.11374 -1.78837 0.922076 1.17843 0.850538 0.627355 1.12709 1.34513 1.40612 1.69607 0.601158 0.408642 -0.13154 
