TP:5014
FN:2377
TN:5843
FP:2126
Accuracy:0.706836   Recall:0.678393
Precision:0.702241   F1:0.690111
-0.842392 -0.00987328 -0.564822 0.283436 1.3891 -0.496221 0.290225 0.0438879 0.355733 0.398784 0.292345 0.333884 0.271296 0.36879 0.516022 -0.106442 0.271415 -0.21314 
